id xcentroid ycentroid sharpness roundness1 roundness2 npix sky peak flux mag RA DEC
19 96.521974 52.603421 0.50938556 -0.35126141 0.37308679 121 0 6280 1.3601592 -0.33397437 48.428515 57.277803
21 1179.5648 54.505745 0.72559485 -0.035597731 0.041522758 121 0 7726 6.9136256 -2.0992646 49.082643 57.230806
22 947.19901 55.733893 0.52805069 -0.11144461 0.11198659 121 0 14367 42.67079 -4.0753267 48.942624 57.241674
23 1258.8588 59.747608 0.32940661 0.26494524 0.39620931 121 0 6187 1.1004912 -0.10396641 49.130875 57.228913
24 206.03434 60.160586 0.39715886 0.11712639 0.42594577 121 0 6537 2.3472657 -0.92640565 48.495336 57.27559
25 183.14698 61.581324 0.24275072 -0.21671563 0.25649218 121 0 6294 1.7408597 -0.60190942 48.481607 57.277034
26 1585.8776 59.438105 0.6461839 -0.17305113 0.025131571 121 0 6539 2.5546531 -1.0183298 49.327822 57.213784
27 273.92622 63.417057 0.47133436 -0.019054543 0.28001805 121 0 7357 5.5548177 -1.8616745 48.536641 57.273737
28 1993.2633 64.147311 0.91603588 -0.051883907 0.11977844 121 0 6287 1.2044743 -0.20199384 49.573313 57.196221
29 2206.792 66.466833 0.67508112 -0.046603071 0.20312188 121 0 6281 1.4940963 -0.43594645 49.701845 57.186801
30 1644.7048 68.194725 0.59602873 -0.048508248 -0.21601584 121 0 6312 1.739169 -0.60085447 49.363985 57.213908
31 1250.1889 74.723458 0.56271158 0.11419505 -0.20315999 121 0 6278 1.255823 -0.24732105 49.126906 57.234193
32 559.05661 75.835477 0.70508088 -0.24372106 -0.16458874 121 0 6253 1.0438292 -0.046573644 48.709945 57.265413
33 1146.7166 77.088797 0.20089575 -0.021527778 0.018998132 121 0 6086 1.1719991 -0.17231824 49.064724 57.239661
34 1436.3369 77.052826 0.93664096 -0.0045187094 0.024080114 121 0 15473 31.803255 -3.7561789 49.23927 57.226435
35 1242.0368 87.044362 0.84786753 -0.055088395 0.08551181 121 0 21772 57.266837 -4.394758 49.123025 57.238583
36 674.40554 90.422838 0.73774928 -0.25297761 0.36951759 121 0 6375 1.4052615 -0.36939284 48.780796 57.265107
37 887.0344 89.417983 0.54813266 0.13627643 0.23042278 121 0 6347 1.8434383 -0.6640715 48.909089 57.255352
39 1564.5503 92.651808 0.80572873 -0.43613939 -0.012887249 121 0 6714 2.7776036 -1.1091757 49.317823 57.225605
40 502.86748 94.033446 0.2899913 0.11890101 0.18561097 121 0 6115 1.0383384 -0.040847269 48.677455 57.273807
41 2302.2128 93.623428 0.86086006 -0.0056466313 -0.0010842321 121 0 8080 7.5424987 -2.1937881 49.761587 57.191069
42 546.46116 96.808227 0.40865877 -0.27271117 0.12968366 121 0 6185 1.125027 -0.12790733 48.704019 57.272808
43 1220.2172 94.745369 0.73669036 -0.24872402 0.14554104 121 0 6625 2.5035695 -0.99639914 49.110516 57.242087
44 558.28405 99.468045 0.25298801 -0.50563493 -0.19076964 121 0 6179 1.3641304 -0.3371397 48.711377 57.273159
45 588.85015 100.52218 0.38143219 -0.32410357 0.15390223 121 0 6493 2.8327541 -1.1305222 48.72993 57.272164
46 1120.8886 104.03638 0.3620074 0.00027253569 -0.1126999 121 0 6402 2.7989985 -1.1175067 49.051393 57.24962
47 1192.764 104.50089 0.6850306 0.039543448 0.33177371 121 0 13051 29.302125 -3.6672478 49.094779 57.246517
48 1874.0113 105.8204 0.49969971 0.098068425 -0.23599344 121 0 6222 1.3432684 -0.32040703 49.505236 57.215444
49 2332.8706 105.74123 0.48345357 0.16737417 -0.034998104 121 0 6183 1.3574775 -0.33183162 49.781087 57.193541
50 694.92842 106.13743 0.34229408 0.01431648 0.30972744 121 0 6294 1.8836659 -0.6875097 48.794464 57.26933
51 1346.1337 111.37874 0.9684334 0.023668364 0.070721843 121 0 9267 10.661485 -2.5695442 49.187822 57.24177
52 500.21384 111.58362 0.20602854 0.030119743 0.15248772 121 0 6142 1.186129 -0.1853298 48.677255 57.27965
53 2004.4762 114.5098 0.87216766 -0.091162467 -0.024710955 121 0 20731 51.583136 -4.2812694 49.584477 57.212111
54 1710.5572 122.57389 0.74124679 0.049883488 0.082696867 121 0 6612 2.5389805 -1.0116484 49.408312 57.228573
55 839.04629 128.14597 0.75641396 0.14504426 -0.067418567 121 0 6391 1.4610442 -0.41165837 48.883291 57.270126
56 1152.1351 133.30667 0.75235708 0.043534506 0.1835008 121 0 6412 1.6249755 -0.52711706 49.072681 57.257756
57 415.81241 136.87509 0.54982913 -0.061103521 0.17379761 121 0 7401 6.0618814 -1.9565186 48.62825 57.291578
58 1074.593 137.26128 0.60287416 0.18305725 0.085049689 121 0 6287 1.3643528 -0.33731675 49.026226 57.26255
59 1201.6747 140.89793 0.8800561 -0.08824929 0.34217857 121 0 6617 2.0086047 -0.75723621 49.103199 57.257986
60 1348.7613 140.43088 0.7966708 -0.11967459 -0.016263966 121 0 6346 1.3842011 -0.35299797 49.19186 57.251126
61 520.81143 141.988 0.47046825 0.027073854 0.06377018 121 0 7844 8.4990227 -2.3234225 48.692141 57.288674
62 2053.0233 146.48004 0.89103985 0.1675363 0.16513589 121 0 6801 2.8069295 -1.1205788 49.616489 57.220229
63 916.42738 148.41723 0.64761896 -0.041600688 0.13193717 121 0 6889 3.7671628 -1.440036 48.931678 57.27329
64 1771.6858 149.65732 0.98817631 0.098528502 -0.16477571 121 0 6653 2.2174498 -0.86463451 49.44746 57.234546
65 199.3476 152.86195 0.79678147 -0.2673316 0.046923222 121 0 6436 1.6672825 -0.55502298 48.498565 57.306135
66 1001.3899 152.58087 0.71310009 -0.17893828 0.050272076 121 0 6455 1.8293209 -0.65572473 48.983315 57.270842
67 670.33122 155.64395 0.46517997 -0.30533795 0.064881976 121 0 6512 2.5901578 -1.0333156 48.783613 57.28657
68 1594.4992 155.72708 0.98810857 0.57088928 0.26842941 121 0 6398 1.3611857 -0.33479347 49.341266 57.244788
69 660.66579 157.46864 0.70951106 -0.038109321 0.036545565 121 0 6250 1.0028239 -0.0030617378 48.77792 57.287591
70 380.60986 164.09708 0.48975185 -0.13510352 0.17312662 121 0 11550 25.358422 -3.5103056 48.609124 57.301989
71 274.38512 165.85609 0.26372951 0.31883718 0.063786841 121 0 6316 1.8577026 -0.6724405 48.544997 57.307152
72 1007.2648 166.13663 0.442983 0.3339578 0.13408182 121 0 6197 1.1801432 -0.17983681 48.987983 57.275001
73 1194.2364 166.4619 0.5073599 0.031974307 0.040792774 121 0 6699 3.722728 -1.4271533 49.100852 57.266663
74 514.01553 173.27884 0.26418199 -0.13069843 0.25368069 121 0 6610 3.5654758 -1.3802937 48.690541 57.299183
75 384.87089 176.86487 0.53325144 -0.3709915 0.21460868 121 0 7130 4.9585261 -1.7383815 48.612717 57.305972
76 535.98233 180.23131 0.68066892 0.3893394 0.26008317 121 0 6764 3.0632537 -1.2154574 48.704382 57.300492
77 1046.5724 182.31557 0.6001805 0.03113821 0.10923802 121 0 6381 1.7189087 -0.58813204 49.013053 57.278512
78 1179.5009 184.06735 0.78019604 -0.09140132 -0.015882989 121 0 7372 5.1426182 -1.7779607 49.093433 57.273076
80 528.82973 188.7578 0.45371192 -0.069643049 0.23259635 121 0 8096 10.902152 -2.5937806 48.700741 57.303587
81 1860.6365 188.4293 0.90182362 0.16425711 0.292099 121 0 6278 1.0052349 -0.0056688747 49.504387 57.243012
82 2108.2712 193.97242 0.9979301 0.053832849 -0.048935156 121 0 11359 16.86766 -3.0676371 49.653918 57.233082
83 1632.4374 196.80166 0.39785999 -0.75507774 -0.042230686 121 0 6119 1.0651312 -0.068507791 49.367653 57.256422
84 295.84175 200.95557 0.75990836 0.1146082 0.30572978 121 0 6585 2.037809 -0.77290871 48.560754 57.317684
85 1106.0965 200.62049 0.73682359 -0.15117198 0.2554568 121 0 6662 2.5980092 -1.0366017 49.05051 57.281799
86 1242.3088 201.07727 0.66864336 0.080156032 0.15363703 121 0 6471 2.1376537 -0.82484338 49.13276 57.275771
87 1310.2559 200.82526 0.89344611 -0.055309251 0.07734557 121 0 9580 12.502043 -2.7424524 49.173735 57.272589
88 2196.2742 201.59057 0.70054438 -0.25266831 -0.11694979 121 0 6251 1.1723877 -0.17267813 49.707532 57.231358
89 1013.0098 205.53994 0.88239332 -0.41301441 0.092598335 121 0 6343 1.216709 -0.21296683 48.994713 57.287599
90 1000.4289 209.65717 0.74698306 -0.2679699 -0.021053711 121 0 7084 4.2068627 -1.5598958 48.987456 57.289508
91 1200.8688 213.70705 0.89956469 -0.035198779 0.21250931 121 0 7427 4.7702582 -1.6963547 49.10881 57.281775
92 1981.641 214.90622 0.64544118 -0.18967565 -0.12051583 121 0 6285 1.4512917 -0.4043868 49.579555 57.245929
93 653.98698 218.6861 0.39163553 -0.43176828 -0.16514239 121 0 6230 1.4493031 -0.40289804 48.778837 57.307863
94 1099.4537 218.70237 0.73842119 0.034823401 -0.06879331 121 0 6485 1.8834933 -0.6874102 49.048005 57.287999
95 1276.0284 224.55848 0.90313006 -0.033802479 0.085587916 121 0 10497 15.404417 -2.9691132 49.155083 57.281894
96 1429.8872 225.29713 0.72080123 0.14878908 -0.10546737 121 0 6437 1.8055642 -0.64153232 49.247972 57.275086
97 1205.304 227.61839 0.66820072 0.077683676 0.15651599 121 0 6547 2.2200401 -0.86590207 49.112653 57.286112
99 1102.7153 232.19386 0.67058292 -0.60547334 0.1155983 121 0 6276 1.1632102 -0.1641455 49.051098 57.292253
100 2287.5399 234.0865 0.89036146 0.015193919 -0.011022081 121 0 7215 4.288034 -1.5806456 49.765323 57.237566
101 1720.8355 235.62464 0.90737787 0.53595491 0.087873643 121 0 6526 1.9575628 -0.72928924 49.424273 57.264962
102 798.43138 234.77521 0.30230171 0.65400571 0.17529792 121 0 6128 1.0278327 -0.029806084 48.867472 57.306726
103 1137.5835 235.70464 0.81264018 -0.1447897 0.007631227 121 0 7626 6.0979121 -1.9629529 49.072445 57.291822
104 1283.2167 238.31572 0.69369613 -0.044603056 0.25724985 121 0 6503 2.1147352 -0.81313996 49.160579 57.286054
105 944.70093 239.14842 0.6096356 -0.12535003 0.087118988 121 0 7926 8.8288043 -2.3647547 48.956228 57.30163
106 1153.4045 240.62417 0.7862035 -0.1184642 0.062379212 121 0 11330 20.417557 -3.2750094 49.082409 57.29271
107 1271.035 240.98055 0.90163242 0.029381624 0.039064238 121 0 7055 3.6374744 -1.4019999 49.153451 57.287479
108 1893.7924 239.78208 0.96278275 -0.14544878 -0.0050600784 121 0 6366 1.2818698 -0.26960978 49.528837 57.258195
109 1018.1733 242.47219 0.89010491 0.083842705 0.015965755 121 0 6378 1.3190822 -0.30067968 49.000891 57.299417
110 831.77502 244.95515 0.41996738 -0.0089733335 -0.036464644 121 0 6349 1.878396 -0.68446789 48.88846 57.308565
111 704.30101 249.22757 0.49498611 -0.064264069 0.078148244 121 0 13964 41.10245 -4.0346693 48.811738 57.315611
112 2266.7374 252.8505 0.55370258 0.3354222 -0.0067361929 121 0 6232 1.1512899 -0.15296176 49.754487 57.244685
113 1958.8193 257.10551 0.87235796 -0.068372621 0.013265468 121 0 6262 1.0709264 -0.074399085 49.569519 57.260771
114 225.69017 259.31558 0.96327574 0.051510633 0.24973211 121 0 6366 1.0820414 -0.085609672 48.522883 57.339753
116 797.69587 260.76104 0.81475261 -0.21283441 -0.28458996 121 0 6363 1.3897434 -0.35733657 48.869151 57.315238
117 355.9183 264.931 0.44226246 -0.12732608 0.23873349 121 0 24292 83.777708 -4.8078212 48.602191 57.33597
118 1083.3515 270.12358 0.75884487 -0.0098857533 0.039593978 121 0 8521 9.9630357 -2.4959792 49.04256 57.305503
119 1241.7489 270.05198 0.9091843 0.0082252965 0.10038084 121 0 7419 4.8429409 -1.7127729 49.138217 57.298298
120 2029.3555 270.98547 0.94242891 0.010271572 0.00022832102 121 0 9569 11.66497 -2.667209 49.613218 57.261951
122 2010.0201 275.5533 0.97470853 -0.029511832 0.016194009 121 0 6375 1.2503329 -0.24256418 49.601976 57.264359
123 1412.4913 280.80009 0.85038115 0.29357809 -0.22414384 121 0 6355 1.2223869 -0.2180217 49.242193 57.293992
124 255.84753 285.18653 0.31981555 0.29946197 0.44903315 121 0 6188 1.1550306 -0.15648372 48.543189 57.346901
125 1307.4723 288.51884 0.94928855 -0.0061069022 0.018269262 121 0 7738 5.5746037 -1.865535 49.179454 57.301324
126 463.04372 294.67847 0.4581913 -0.036947856 0.29945947 121 0 6851 4.361347 -1.5990516 48.669422 57.341028
127 287.99494 297.04951 0.36986085 -0.36787849 0.22212248 121 0 6267 1.3656787 -0.33837133 48.563601 57.349389
129 2350.8937 297.45804 0.79044053 0.14008358 -0.029080382 121 0 10263 15.799969 -2.9966406 49.809114 57.255169
130 602.3209 303.07077 0.46458358 -0.085511283 0.12141952 121 0 9282 17.524297 -3.1091015 48.754404 57.337675
131 773.31835 303.93346 0.59019999 -0.1963135 0.10015076 121 0 6451 2.1120514 -0.81176123 48.857935 57.330409
132 853.50248 305.10787 0.5758206 -0.078857102 0.10170186 121 0 8051 9.7078509 -2.4678077 48.906527 57.327227
133 234.11304 307.76833 0.37266666 0.055024494 0.024173189 121 0 6185 1.0733008 -0.076803677 48.531802 57.355207
134 1821.7544 319.48256 0.88023487 0.018774256 0.15955484 121 0 6662 2.3504809 -0.9278918 49.492382 57.28758
135 93.921852 320.97368 0.27596708 -0.066784262 0.31903846 121 0 7349 7.1384056 -2.1340031 48.447869 57.365518
136 219.24628 320.50065 0.53077125 -0.19660037 0.14036972 121 0 6315 1.3612755 -0.33486505 48.523797 57.360002
139 381.14596 329.04307 0.55922908 -0.38902675 0.25588761 121 0 6666 2.9819391 -1.1862469 48.622568 57.355804
140 1798.1841 332.08613 0.3389907 0.47475199 0.18168496 121 0 6147 1.1958315 -0.194175 49.479268 57.292798
141 1361.3896 332.9513 0.87605393 0.60187681 0.063390441 121 0 6780 2.646805 -1.0568049 49.215768 57.313351
142 1658.691 333.86596 0.51699154 0.38425336 0.39313547 121 0 6186 1.0236491 -0.025377779 49.39529 57.299904
143 929.20615 333.59005 0.2423841 -0.78671566 -0.16377621 121 0 6202 1.7176938 -0.58736439 48.954651 57.33314
144 632.9656 341.76476 0.46381863 -0.15913819 0.19157816 121 0 7371 6.855781 -2.0901423 48.776081 57.348956
145 1516.1086 341.14714 0.9814155 -0.43395778 -0.0077753629 121 0 6321 1.0945928 -0.098131443 49.309876 57.308899
146 968.15778 345.85132 0.72940818 -0.11957655 0.17173546 121 0 6787 3.1224061 -1.2362235 48.979219 57.335396
147 2306.9009 347.72672 0.92345912 -0.10383908 -0.0076351559 121 0 6390 1.4341038 -0.39145149 49.78715 57.273682
148 1052.0257 350.17464 0.57778989 0.042504327 0.042683692 121 0 6359 1.6248257 -0.52701694 49.030288 57.333035
149 1064.3852 353.30054 0.65025333 -0.37007872 -0.11804986 121 0 6435 1.8618041 -0.67483498 49.03802 57.333498
150 934.72852 355.72182 0.4110353 -0.020809518 0.084417485 121 0 6660 3.9973997 -1.5044439 48.959817 57.340115
151 657.17268 358.09901 0.46987329 -0.05314234 0.19060439 121 0 7113 6.0090509 -1.9470147 48.792058 57.353221
152 1161.2479 359.13544 0.87679733 0.33344512 -0.045671361 121 0 6591 1.9618568 -0.73166829 49.09706 57.331021
153 306.92652 360.53802 0.62322624 -0.088133673 -0.011323065 121 0 6642 2.6015707 -1.0380891 48.580098 57.369296
154 865.68594 366.05292 0.66875874 -0.095174099 0.048574275 121 0 10468 19.223842 -3.2096005 48.918902 57.346572
155 62.793594 369.76072 0.41788524 -0.07676219 0.17824325 121 0 7013 4.1955899 -1.5569826 48.432799 57.382771
156 820.59519 369.42411 0.9504364 -0.21205276 -0.29209674 121 0 6443 1.5062964 -0.44477611 48.891895 57.349681
157 2197.1769 371.31636 0.85741049 0.13589793 -0.017529387 121 0 18428 43.38915 -4.0934529 49.723185 57.286652
158 279.90545 371.795 0.44825469 -0.11254979 0.20488925 121 0 9618 17.45282 -3.104664 48.564612 57.374136
159 1553.241 372.15254 0.76350236 0.12802178 -0.090987662 121 0 6342 1.3201153 -0.30152968 49.334947 57.317294
160 1194.7258 375.21872 0.49278217 0.10127371 -0.12612674 121 0 6352 2.1185442 -0.81509382 49.118643 57.334749
161 939.37933 377.03939 0.9315516 -0.50376899 0.11814366 121 0 6392 1.3157981 -0.29797311 48.96439 57.346863
162 1966.6502 377.34674 0.31753341 0.17954761 -0.08796933 121 0 6117 1.0919793 -0.095536051 49.5848 57.299611
163 816.5412 377.6173 0.37559499 -0.025918143 0.045913191 121 0 6279 1.7984541 -0.63724839 48.890113 57.352535
164 1792.2974 379.04641 0.78163646 0.036518449 0.13402395 121 0 6369 1.5024804 -0.44202202 49.479805 57.30839
165 2093.9865 382.11944 0.82487107 0.56307236 -0.17455149 121 0 6431 1.6240747 -0.52651502 49.661973 57.295112
166 1254.435 382.25555 0.58831726 -0.051285662 -0.10574824 121 0 6215 1.0976469 -0.1011566 49.155321 57.334327
167 2338.1419 384.36529 0.79864851 0.22005772 -0.06714721 121 0 7328 5.0303816 -1.7540023 49.809247 57.284119
168 52.368101 387.45871 0.45832183 -0.016369985 0.15074511 121 0 6253 1.199276 -0.19729788 48.427854 57.388993
169 411.75932 387.53844 0.35745134 -0.15528523 0.18224281 121 0 6702 3.9520135 -1.492046 48.645779 57.373569
170 508.06608 390.18947 0.22819043 -0.285704 -0.22660216 121 0 6198 1.8334721 -0.65818577 48.704347 57.370238
171 2278.1876 390.69527 0.81626048 0.087055656 -0.087220233 121 0 7429 5.2735788 -1.8052636 49.77371 57.289075
172 1514.4579 394.63204 0.98938058 -0.086194754 -0.012419236 121 0 9861 12.360001 -2.7300463 49.313456 57.326423
173 283.11826 397.93013 0.59404356 -0.24199657 0.29782315 121 0 6387 1.5150731 -0.45108394 48.568628 57.382529
174 351.94935 399.17153 0.75099793 -0.13414022 0.095415703 121 0 6364 1.3569389 -0.33140073 48.610455 57.37996
175 1217.9969 403.08497 0.96119582 -0.079259188 0.025192468 121 0 6881 2.8793045 -1.148219 49.13505 57.342782
176 1279.3945 403.42515 0.96076116 -0.043004753 0.00983875 121 0 7517 4.948479 -1.7361793 49.172191 57.340095
178 584.6988 405.48099 0.4939664 0.010821594 0.14681733 121 0 6297 1.7060735 -0.57999431 48.752003 57.371873
179 780.99318 404.59154 0.73485018 0.16500192 0.61664275 121 0 6273 1.0498874 -0.052856787 48.870804 57.362917
180 1681.8148 409.65918 0.80563129 -0.42754069 -0.23197845 121 0 6242 1.0510712 -0.054080373 49.415792 57.323548
181 911.18238 412.06142 0.65809042 -0.056021016 0.076865201 121 0 9795 16.758026 -3.0605571 48.95022 57.359554
182 1557.427 415.96991 0.95416676 0.38886848 -0.018014588 121 0 6392 1.3060773 -0.28992221 49.341234 57.331393
183 1658.0053 415.70951 0.94818885 0.20155344 -0.015944932 121 0 6613 2.077417 -0.79380922 49.401942 57.326632
184 2346.7884 416.2849 0.99203956 -0.20792636 -0.1043776 121 0 6893 2.809516 -1.1215788 49.817324 57.294107
185 768.34617 416.78655 0.38690665 -0.31361676 0.01202841 121 0 6446 2.8349521 -1.1313643 48.864144 57.367459
186 624.07278 418.07233 0.49545646 -0.094839498 0.13515026 121 0 7801 9.2714081 -2.4178642 48.776873 57.374252
187 1571.6902 418.29983 0.43388687 0.05523307 -0.008965467 121 0 6158 1.0224335 -0.02408768 49.350048 57.331492
188 863.24166 420.25275 0.57270365 -0.18939617 0.29970428 121 0 6300 1.2646118 -0.2548931 48.921878 57.364368
189 701.48402 423.67986 0.34927162 -0.18509567 0.10660102 121 0 6953 6.0086634 -1.9469447 48.824217 57.372669
190 1978.0745 425.8789 0.48604071 0.013893447 0.15038582 121 0 6157 1.0311251 -0.033278429 49.595959 57.314896
191 2350.905 425.41023 0.96456017 0.022161103 0.025201639 121 0 7558 5.0200804 -1.7517767 49.820624 57.296883
192 1050.6549 428.12432 0.8698394 -0.020240392 0.070885682 121 0 8669 9.4981367 -2.444096 49.035943 57.358532
193 817.16209 428.38317 0.29779588 -0.25868992 0.12444357 121 0 6197 1.4936359 -0.43561188 48.89465 57.369074
194 1759.2529 429.8973 0.69587982 0.6476819 -0.26532299 121 0 6635 2.6700591 -1.0663022 49.464288 57.326526
195 2093.5618 436.42219 0.67567863 -0.022687698 -0.053251791 121 0 7028 4.4763802 -1.6273174 49.66653 57.312839
196 1734.1191 440.62727 0.55730762 0.065695759 -0.2765276 121 0 6278 1.4802956 -0.42587112 49.450048 57.331203
197 1094.9435 444.19749 0.2882685 -0.41221257 -0.037147064 121 0 6196 1.680073 -0.56332038 49.064076 57.361778
198 451.84244 447.10513 0.44504113 -0.21207877 0.11764937 121 0 6926 4.8163432 -1.7067936 48.674838 57.391269
199 131.14575 448.42396 0.55455292 -0.26174663 0.23051121 121 0 7019 4.0126317 -1.5085732 48.480421 57.405538
200 1735.9142 453.53849 0.38457804 0.31318118 0.82479891 121 0 6151 1.125129 -0.12800576 49.452253 57.33533
202 634.45692 461.79136 0.28710627 0.10559826 0.36621505 121 0 6174 1.1521501 -0.15377269 48.786707 57.388065
203 651.81518 462.0059 0.48234886 -0.20318654 0.035566934 121 0 7349 6.9762587 -2.1090564 48.797243 57.38737
204 716.60407 463.14418 0.51130698 -0.29063151 -0.17873294 121 0 6214 1.3498192 -0.32568898 48.83659 57.38488
205 2080.9745 466.30342 0.95133988 -0.03469215 -0.25788484 121 0 6320 1.0885676 -0.092138522 49.661588 57.323184
206 2277.4039 466.65391 0.83825422 0.32638974 -0.040327434 121 0 6412 1.6028485 -0.51223122 49.780044 57.313879
207 2255.7029 470.44315 0.59751617 0.23528077 -0.043552809 121 0 6263 1.4705488 -0.41869859 49.767304 57.31616
208 408.99453 473.26202 0.47313374 -0.12217339 -0.12707057 121 0 6175 1.0835804 -0.08715286 48.650949 57.401671
209 1007.928 478.72271 0.69638311 -0.047666509 0.081226756 121 0 7729 7.3977407 -2.1727478 49.014292 57.376967
210 676.05714 480.55461 0.70654636 -0.73269012 0.092012013 121 0 6237 1.1342737 -0.13679463 48.813439 57.392355
211 818.01207 480.96671 0.59932614 -0.01098152 0.099411653 121 0 6743 3.5171917 -1.3654901 48.899478 57.386197
212 1161.4524 480.85951 0.7127937 0.071663319 0.056977045 121 0 6325 1.3967377 -0.36278716 49.107382 57.370728
213 1504.6151 483.99867 0.95190573 -0.18569484 0.050458298 121 0 6309 1.0837791 -0.087351891 49.315162 57.356031
215 795.14987 484.6651 0.37568558 -0.24713683 -0.0080769456 121 0 6299 2.0473334 -0.77797142 48.885932 57.388421
216 644.02233 486.99457 0.52545152 -0.48698503 0.18523235 121 0 6245 1.3261605 -0.30649024 48.794548 57.395869
217 1989.3922 500.23471 0.89052789 0.060747874 -0.034397991 121 0 7988 6.9335576 -2.1023903 49.609338 57.338608
218 2036.4466 505.03565 0.85234494 0.033680876 0.038802036 121 0 6761 2.7196848 -1.0862964 49.638156 57.337936
219 864.69031 506.77808 0.4634769 -0.018508202 0.14763182 121 0 6470 2.7714555 -1.1067698 48.929874 57.392541
220 1773.5226 512.1213 0.22784131 0.54452488 0.90859193 121 0 6118 1.070783 -0.074253687 49.480056 57.352675
221 2258.3915 510.50146 0.58311288 -0.015663509 -0.032371213 121 0 6637 3.1532339 -1.2468905 49.772512 57.329092
222 442.41443 512.19737 0.41578616 1.6412754e-05 0.31718787 121 0 6338 1.9596238 -0.73043176 48.674334 57.412927
223 1098.2461 522.32213 0.66392564 0.12003686 0.46889904 121 0 6233 1.0878538 -0.091426304 49.072599 57.387121
224 2230.7555 523.74535 0.97054147 0.13809466 -0.029610802 121 0 9420 10.729418 -2.5764404 49.757033 57.33474
225 1148.6914 528.32514 0.43407859 -0.14007148 -0.066220521 121 0 6202 1.512408 -0.44917241 49.103639 57.386795
226 982.65797 532.36582 0.93013897 -0.10340934 0.056099398 121 0 23391 58.334292 -4.4148098 49.003443 57.395609
227 705.59188 534.08424 0.32965748 0.066462987 -0.086221767 121 0 6164 1.3026773 -0.2870921 48.835698 57.408521
228 1078.9206 536.78954 0.65289281 -0.39848267 0.19461032 121 0 6360 1.7140111 -0.58503405 49.062107 57.392715
229 907.43846 537.50012 0.77475383 -0.0051785703 0.13270688 121 0 6364 1.5436096 -0.47134365 48.958304 57.400657
230 1983.7958 536.9758 0.40541827 0.42002721 0.11595419 121 0 6210 1.452564 -0.4053382 49.6092 57.350856
231 1020.5771 538.07771 0.46671853 -0.10079253 0.035246943 121 0 6404 2.4823934 -0.98717651 49.026883 57.395767
232 1047.3829 538.86452 0.69181694 0.095765789 0.06168814 121 0 6359 1.4692183 -0.41771583 49.043183 57.394816
233 573.29282 542.22101 0.42809645 -0.078195011 0.14978596 121 0 10934 27.260066 -3.5888173 48.756136 57.417006
234 2088.5666 541.60416 0.54305309 -0.14719473 -0.03556725 121 0 6296 1.6045132 -0.51335825 49.672846 57.347377
235 708.16176 545.68309 0.49568637 -0.10960345 -0.14401355 121 0 6228 1.3313817 -0.31075647 48.838202 57.412193
236 2234.9971 546.29614 0.87435276 -0.081453663 -0.13129447 121 0 6456 1.7264577 -0.59288988 49.761609 57.34189
238 420.13411 546.04149 0.46322462 0.097984675 0.29750577 121 0 6135 1.0572619 -0.060456488 48.663526 57.424945
239 846.72273 547.70686 0.9341988 -0.034661137 -0.012639813 121 0 6383 1.3105174 -0.29360695 48.922356 57.4067
240 1208.6721 549.82606 0.87770919 -0.1022103 0.04063022 121 0 6964 3.3558171 -1.3144957 49.141752 57.391086
241 592.14829 555.01727 0.4592053 -0.058806379 -0.0075625042 121 0 6305 1.7310161 -0.59575276 48.768608 57.420354
242 1557.3976 555.3678 0.95477105 -0.027318439 -0.1245596 121 0 6347 1.2221004 -0.2177672 49.353193 57.376868
243 529.76455 556.76946 0.87861762 -0.46295995 -0.21036211 121 0 6311 1.158605 -0.15983851 48.730907 57.423662
244 2210.7261 558.59776 0.93102478 -0.037301616 0.138577 121 0 6481 1.6584057 -0.54922692 49.748068 57.347068
245 513.16552 559.49183 0.31241325 -0.19817621 0.15608164 121 0 6423 2.9364136 -1.1695431 48.721055 57.425277
246 783.21355 561.02763 0.27427417 0.24779514 0.46183156 121 0 6129 1.2665222 -0.256532 48.884955 57.413874
247 1267.4775 563.534 0.90937411 -0.31358651 -0.06957447 121 0 6364 1.1725374 -0.17281672 49.178502 57.392878
248 2148.4608 564.0279 0.97712194 0.12982361 -0.18602047 121 0 7116 3.4864884 -1.3559706 49.710983 57.351826
249 2158.8137 565.18621 0.99841977 0.11237452 -0.044827143 121 0 11606 17.264271 -3.0928706 49.717334 57.351707
250 1068.0405 567.88407 0.37944494 0.049830251 0.10379533 121 0 6226 1.5972537 -0.50843479 49.058113 57.403354
251 122.63512 570.74384 0.56511006 -0.084742055 0.14460717 121 0 6612 2.7547729 -1.1002145 48.484848 57.445837
252 1395.4647 571.98082 0.68410328 -0.28455321 -0.39543015 121 0 6281 1.2083799 -0.20550869 49.256671 57.389768
253 2232.1032 573.41145 0.89819328 -0.043943781 0.1317631 121 0 7666 5.3773893 -1.8264287 49.762291 57.350871
254 801.91468 573.41115 0.33665637 -0.094989349 0.0046160154 121 0 6345 2.398017 -0.94963065 48.897308 57.417085
255 749.2638 576.86245 0.73896373 -0.18337247 0.072990173 121 0 6541 2.1677414 -0.84001868 48.865669 57.420549
256 482.94047 578.23619 0.49136987 -0.14647903 0.21341511 121 0 8294 11.588423 -2.6600608 48.704223 57.432717
257 1091.8408 578.44333 0.96039281 -0.18505196 0.0017260369 121 0 6615 2.0566335 -0.78289224 49.07341 57.405724
258 501.971 580.14896 0.51887403 -0.23565398 0.21339645 121 0 6994 4.9109548 -1.7279148 48.715925 57.43251
259 2234.8428 581.53679 0.81664666 0.11519376 -0.010632578 121 0 10236 15.171709 -2.9525863 49.764671 57.353388
260 595.71132 582.93578 0.71121961 -0.26849541 0.0037523335 121 0 6808 3.3170042 -1.301865 48.773029 57.429311
261 1101.7005 583.71493 0.8024929 -0.054047098 0.10116413 121 0 7062 3.9955968 -1.5039541 49.079823 57.406998
262 1576.148 586.58089 0.65703907 -0.084683343 0.23304484 121 0 6439 1.9320943 -0.7150708 49.367218 57.38618
263 511.11791 590.35368 0.51247519 -0.11332449 0.14006853 121 0 8247 11.341601 -2.6366859 48.722298 57.435441
264 55.845973 599.8507 0.62599103 0.047662798 0.25590732 121 0 6648 2.5449109 -1.0141815 48.446542 57.458189
265 1110.2413 599.14004 0.82136416 0.036881389 0.051639143 121 0 8114 8.0439899 -2.2636788 49.086287 57.411645
266 235.47224 605.79574 0.50716314 -0.19576235 0.21643053 121 0 6630 2.9157583 -1.1618788 48.55616 57.452442
267 1421.4349 609.06148 0.99088005 0.046798095 0.039982409 121 0 7103 3.5560646 -1.3774241 49.275547 57.400671
268 710.34645 611.74997 0.48224887 -0.11159554 0.076111912 121 0 7392 7.3823105 -2.1704808 48.844916 57.43366
269 743.79635 612.13563 0.52032928 0.023913177 0.11108675 121 0 6648 3.2427513 -1.2772841 48.865237 57.432305
270 603.20175 617.63998 0.36672111 -0.78694733 0.02969009 121 0 6276 1.6986383 -0.57525229 48.780386 57.44031
271 1121.5879 616.79199 0.68865796 -0.16620764 0.037072814 121 0 6455 2.0521019 -0.7804973 49.094639 57.416892
272 957.49677 618.41584 0.88462239 -0.1450963 0.050178022 121 0 12444 22.436289 -3.3773776 48.995335 57.424821
273 2275.6023 618.54217 0.98244696 0.19835006 -0.032557196 121 0 8524 7.8846751 -2.2419595 49.792584 57.363491
274 926.84098 624.13162 0.71415838 -0.040300766 -0.064863529 121 0 6478 1.9363792 -0.71747605 48.977224 57.428061
275 524.12035 625.40709 0.37449411 0.15060795 -0.017623073 121 0 6265 1.755704 -0.61112828 48.733015 57.446315
276 2227.1853 626.81767 0.73952009 0.14902835 -0.039929318 121 0 11673 21.88347 -3.3502905 49.764105 57.368522
277 1785.505 630.48864 0.5944012 0.084151832 0.15572018 121 0 6338 1.7169441 -0.58689042 49.497614 57.390722
279 1918.4872 633.5686 0.7014693 -0.022125136 0.13018835 121 0 6495 2.0663663 -0.78801827 49.578262 57.385455
280 611.19408 635.08983 0.44667456 -0.12374426 -0.010708189 121 0 6415 2.4029666 -0.95186932 48.786651 57.445654
281 457.83396 639.78413 0.22866533 0.34956676 0.087442277 121 0 6087 1.2807452 -0.26865683 48.693926 57.453904
282 1828.3828 641.82336 0.91259054 -0.037049312 -0.10481362 121 0 7301 4.4434237 -1.6192943 49.524526 57.392402
283 834.52793 646.13701 0.9101658 -0.083461491 0.054945976 121 0 6407 1.3806192 -0.35018477 48.923061 57.439369
284 538.30834 645.76835 0.54824944 -0.043447243 0.22984631 121 0 6849 4.1608414 -1.5479529 48.743271 57.45234
285 2318.0415 652.23913 0.87208722 0.038455917 0.057777832 121 0 6221 1.0926664 -0.096218974 49.821227 57.37243
286 1788.051 656.84582 0.61909452 0.22581174 0.068490133 121 0 6258 1.3326323 -0.31177581 49.501454 57.399199
287 2106.8704 660.24424 0.68728429 0.12556633 0.20472491 121 0 6446 1.9379884 -0.71837791 49.694438 57.385193
289 820.27455 662.27135 0.69114212 -0.035572069 0.080991806 121 0 15885 41.920195 -4.0560582 48.915742 57.44527
290 743.00586 663.08697 0.59879089 -0.16698649 -0.31418912 121 0 6215 1.1262743 -0.12911047 48.868926 57.44897
291 1752.0377 663.0745 0.96975486 -0.37354512 0.020018691 121 0 6757 2.5020383 -0.9957349 49.480218 57.402922
292 1227.9421 664.51226 0.92753438 -0.043258269 0.126885 121 0 8299 7.7430924 -2.2222861 49.163086 57.427631
293 433.81377 665.93845 0.54124947 -0.10856798 0.12537144 121 0 23014 82.293239 -4.7884104 48.681437 57.463489
294 2076.2598 665.58727 0.95768575 0.028116431 -0.29781167 121 0 6329 1.1739988 -0.1741691 49.676422 57.388398
295 667.72131 667.15541 0.6070854 -0.25806187 0.076666318 121 0 8419 10.934575 -2.5970048 48.823567 57.453629
296 846.18959 668.24904 0.54331482 0.15000291 0.014337627 121 0 6648 3.3365037 -1.308229 48.931955 57.446066
297 2237.3482 668.18451 0.82109372 0.37470596 -0.032172842 121 0 7972 6.9265656 -2.1012949 49.773947 57.381522
298 834.98765 670.44229 0.6544821 0.00017476902 0.11126227 121 0 8862 12.623429 -2.7529434 48.92534 57.447281
299 2189.0445 674.52728 0.86861273 0.13113932 0.049417019 121 0 6819 2.9237455 -1.1648489 49.745345 57.385913
300 1504.4802 676.12858 0.863923 -0.056516138 0.061308721 121 0 6931 3.3262857 -1.3048989 49.331553 57.418718
301 946.35924 678.23033 0.72988326 -0.055270918 0.059345098 121 0 9082 12.540164 -2.745758 48.993541 57.444842
302 781.96322 678.96089 0.55535595 -0.088139669 0.11774691 121 0 6404 2.0858654 -0.79821568 48.893867 57.452422
303 993.00003 683.07305 0.86774324 0.093326318 0.1239581 121 0 6431 1.5006489 -0.4406977 49.02223 57.444327
304 603.73151 687.22544 0.55985669 -0.10891927 0.064136139 121 0 8051 9.9619197 -2.4958576 48.78635 57.463001
305 179.4188 688.97955 0.43956009 -0.22542224 0.2703833 121 0 7233 5.7949195 -1.9076185 48.528663 57.482009
306 1446.6355 688.27323 0.82301962 0.41591662 0.51858976 121 0 6251 1.0411426 -0.043775581 49.297571 57.425353
307 363.10076 690.15563 0.40605864 -0.1229638 0.19093374 121 0 12805 36.714924 -3.9121066 48.640412 57.474469
308 1200.8982 689.8876 0.66197961 -0.097807681 -0.15212127 121 0 6530 2.3704826 -0.93709192 49.148838 57.437143
309 2195.21 689.5204 0.86914235 0.1706197 -0.2345527 121 0 6305 1.1778572 -0.17773164 49.75041 57.390506
310 2227.4774 692.81958 0.68999446 0.13261364 -0.039931687 121 0 8900 11.712289 -2.6716045 49.770194 57.390031
311 2245.7938 701.51225 0.88256826 -0.0055341836 0.017533636 121 0 6709 2.3268612 -0.91692621 49.782036 57.391984
312 2333.8722 704.44033 0.79560358 0.25067092 -0.02317097 121 0 8265 8.1627394 -2.2795898 49.835489 57.388685
313 614.68692 713.15977 0.63175331 -0.19668242 0.070197977 121 0 7122 4.9173732 -1.7293329 48.795108 57.470984
314 1144.9269 714.90443 0.64182156 0.10423591 0.19875188 121 0 6247 1.2846669 -0.2719763 49.117014 57.44785
315 2123.5752 718.32086 0.44227688 -0.29615463 0.15749771 121 0 6163 1.2959577 -0.28147711 49.709702 57.403334
316 472.94201 720.84455 0.41741786 -0.14981402 0.1812004 121 0 6608 3.6519663 -1.4063169 48.70962 57.479708
317 2082.3163 724.5918 0.74265968 0.19795591 -0.17676855 121 0 6332 1.3990208 -0.3645604 49.685325 57.407352
318 925.32484 727.24417 0.81334243 -0.37525694 0.35490745 121 0 6352 1.4316534 -0.38959472 48.984843 57.461782
319 1132.6057 733.24113 0.47354607 -0.21821576 0.53274745 121 0 6169 1.1161284 -0.11928542 49.111083 57.454393
320 2016.1344 733.53602 0.65061292 0.1633383 0.062335278 121 0 6339 1.6413155 -0.5379802 49.64611 57.413425
321 2059.7597 733.52931 0.97636803 0.16304772 0.0070412279 121 0 8351 7.3398981 -2.1642251 49.672484 57.411344
322 57.33554 739.19472 0.37181145 -0.18160423 0.35320004 121 0 6296 1.7351004 -0.59831154 48.458347 57.503624
323 306.83898 740.10598 0.37815051 -0.22034025 -0.06890742 121 0 6474 2.9303136 -1.1672853 48.610193 57.493213
324 2157.0079 740.47464 0.68941985 0.12064141 -0.09549811 121 0 12602 26.729673 -3.5674841 49.731883 57.408957
326 415.81067 750.29305 0.33095995 -0.11617407 -0.15816142 121 0 6168 1.1353055 -0.13778186 48.677261 57.491812
328 725.89982 755.46556 0.44159123 0.3243324 0.19525773 121 0 6240 1.3650798 -0.33789511 48.866101 57.479882
329 2076.671 754.63954 0.85461853 0.22432087 0.08175642 121 0 6549 1.9048175 -0.69963341 49.684584 57.417421
330 954.897 756.02926 0.77856525 0.56943266 0.081203405 121 0 6268 1.09896 -0.10245467 49.005176 57.46985
331 809.23403 759.09104 0.79247651 0.25207711 0.19126177 121 0 6278 1.1234112 -0.12634685 48.917005 57.477363
332 1003.6133 763.96048 0.87263024 0.18378287 0.070810248 121 0 6615 2.2068211 -0.85941781 49.035401 57.470248
333 1867.2745 766.23582 0.91133064 0.10006421 -0.023961604 121 0 28191 74.380876 -4.6786532 49.558955 57.431149
334 824.7108 770.38577 0.80118505 -0.093351364 0.076466862 121 0 8249 8.4872459 -2.321917 48.927332 57.48036
335 1053.001 774.57809 0.41552781 -0.038817846 0.04475668 121 0 6199 1.2550655 -0.24666597 49.066256 57.471486
336 2365.3626 776.80985 0.7126898 -0.062273195 0.13195695 121 0 6400 1.7201879 -0.58893971 49.861044 57.410758
337 1060.9653 778.11 0.92279694 -0.32377617 -0.067994843 121 0 6417 1.3728682 -0.34407212 49.071384 57.472279
338 618.39138 779.80393 0.5589718 -0.093819636 0.096019164 121 0 9298 16.244014 -3.0267334 48.802773 57.492577
340 609.27545 786.01182 0.63752305 0.57285892 0.070540251 121 0 6445 1.8131906 -0.64610864 48.797737 57.495005
341 2308.7905 787.33561 0.83030353 0.32851982 0.026547556 121 0 7433 4.9177882 -1.7294245 49.827814 57.41693
342 1360.4817 790.30846 0.95118489 0.068691027 -0.01676832 121 0 10972 16.518968 -3.0449573 49.254081 57.462613
343 899.14856 790.7574 0.76020837 0.2588908 -0.038355969 121 0 7032 4.0310927 -1.513557 48.974214 57.483684
345 707.56814 793.45924 0.69664047 -0.39438942 -0.080632223 121 0 6268 1.1578828 -0.15916148 48.858073 57.493096
346 278.31415 799.77802 0.55204717 -0.049083948 0.0073541555 121 0 6306 1.4201163 -0.38080978 48.59759 57.513929
348 1043.9698 803.13043 0.98093811 -0.12058586 0.27031238 121 0 6843 2.7682326 -1.1055064 49.063161 57.481212
349 2065.5382 804.65167 0.93202082 0.39588438 -0.15310508 121 0 6438 1.5115065 -0.44852507 49.682298 57.434264
350 124.71594 806.79684 0.47471988 -0.045105789 0.16372701 121 0 7265 6.328466 -2.0032461 48.504664 57.522822
351 1098.077 806.77268 0.83343899 0.16825979 -0.18614294 121 0 6433 1.6484822 -0.54271069 49.096305 57.479955
352 386.0558 809.92594 0.49407526 -0.060529132 0.13669657 121 0 6387 2.1535372 -0.83288092 48.663946 57.512575
353 343.90566 823.27694 0.49972336 -0.16184794 0.1392635 121 0 6506 2.3729379 -0.93821592 48.639371 57.518764
354 957.21615 834.75228 0.60572407 -0.15886441 0.42060434 121 0 6216 1.0408929 -0.043515154 49.013125 57.49544
355 87.349043 837.43275 0.56402811 0.27328027 0.22779177 121 0 6239 1.1403363 -0.14258235 48.48432 57.534423
356 1533.8252 837.29121 0.87254197 0.15819046 0.042911416 121 0 6457 1.63303 -0.53248541 49.36319 57.46994
357 738.09114 840.16342 0.65428228 0.16583521 0.10573574 121 0 6585 2.6831551 -1.0716144 48.880445 57.506989
358 764.08922 839.65634 0.70582829 -0.13017914 0.091006411 121 0 8819 11.750129 -2.6751066 48.896203 57.505669
359 812.14779 848.38158 0.74942348 -0.032119519 0.091802712 121 0 19049 52.20325 -4.2942439 48.926126 57.506379
360 2277.5412 852.01481 0.816297 0.26083611 -0.096506322 121 0 7001 3.6033991 -1.3917809 49.814753 57.439532
362 1959.0942 858.31855 0.87833128 0.081004469 0.014191688 121 0 6355 1.3128259 -0.29551783 49.622643 57.456837
363 722.81213 860.04414 0.8846872 0.30545886 -0.12035134 121 0 6551 1.9641826 -0.73295467 48.872787 57.514156
364 2355.7951 859.65192 0.27010028 0.50109692 0.089948453 121 0 6214 1.83083 -0.65662003 49.862756 57.438236
365 1080.2197 861.96991 0.94819075 -0.055687828 0.039065244 121 0 13129 23.679066 -3.4359114 49.090091 57.498778
366 1214.1673 864.3303 0.93922854 0.078360839 0.01498484 121 0 7578 5.3747998 -1.8259057 49.171607 57.493465
367 230.6698 866.3254 0.5621888 0.019935019 -0.029065362 121 0 6497 2.2688703 -0.88952419 48.573875 57.537712
368 311.21099 866.13935 0.23423934 0.12712175 -0.040196025 121 0 6191 1.5748776 -0.49311701 48.622895 57.534174
369 697.61676 865.19993 0.4015783 -0.55738304 0.2425924 121 0 6247 1.4806714 -0.42614672 48.857891 57.516955
370 2161.9785 869.47964 0.6073478 0.42660071 0.70545223 121 0 6732 3.2792163 -1.2894252 49.746422 57.450791
371 1820.4294 872.68697 0.89399124 -0.16505936 0.039833432 121 0 6358 1.3440642 -0.32105004 49.539937 57.468084
372 427.98292 875.88281 0.27539079 0.11508992 0.17604011 121 0 6272 2.1316549 -0.82179222 48.694747 57.532285
373 646.14288 877.23567 0.51449815 0.092466197 0.14118819 121 0 6491 2.6515397 -1.0587453 48.827575 57.523159
374 987.00764 884.69245 0.96015771 -0.05011792 0.054016091 121 0 21579 51.146395 -4.2720376 49.035377 57.5104
375 1741.757 885.86508 0.805388 0.0039712141 0.060725582 121 0 6483 1.9379828 -0.71837481 49.493424 57.476083
376 1022.3036 888.85362 0.97937113 -0.0048067039 0.095898637 121 0 6645 2.0698956 -0.78987113 49.057166 57.510168
377 1041.351 890.50821 0.82836985 -0.11670626 0.091903458 121 0 7041 3.9544203 -1.4927071 49.068875 57.509849
378 2092.0557 895.96491 0.51806041 0.35943765 0.11298173 121 0 6203 1.1350704 -0.13755697 49.706473 57.46278
379 1198.4303 896.93138 0.68487879 0.75138238 0.11934421 121 0 6382 1.8797569 -0.68525424 49.164808 57.504821
380 487.52836 901.23889 0.57322119 0.018390864 0.1661476 121 0 6230 1.0572263 -0.060419933 48.733027 57.537964
381 792.56392 902.3434 0.58795216 -0.043967819 -0.0067007106 121 0 8131 10.322022 -2.5344119 48.918666 57.524866
382 1066.1303 904.01136 0.94319774 0.0063090483 0.019551076 121 0 7965 6.6593233 -2.0585753 49.085057 57.513136
383 2264.8481 903.90689 0.91679113 0.24559416 0.05807887 121 0 6426 1.5092334 -0.44689103 49.811749 57.457067
384 1400.5844 905.50976 0.75184594 -0.43476466 -0.1981841 121 0 6468 1.9660021 -0.73395996 49.288239 57.498359
385 397.27997 908.55536 0.44312252 -0.071535225 0.23533089 121 0 6218 1.3981987 -0.36392222 48.678683 57.544289
386 2145.9877 907.65132 0.46586996 0.075393165 0.14307235 121 0 6238 1.4076437 -0.37123184 49.74016 57.464008
387 682.47731 930.34489 0.74793375 0.011740962 0.19554136 121 0 6445 1.8792283 -0.68494888 48.854012 57.538892
388 292.10004 930.49504 0.38139616 -0.22231026 0.23861686 121 0 6359 2.1277662 -0.81980979 48.616388 57.556014
389 205.34083 932.47844 0.39397345 -0.05554355 0.2290007 121 0 7223 6.6713295 -2.060531 48.563692 57.560403
390 940.13949 933.50406 0.59725607 0.075420846 -0.11813444 121 0 6253 1.2268888 -0.22201298 49.010959 57.528439
391 910.02909 938.51072 0.68941307 0.080375846 0.22783231 121 0 6446 2.0300044 -0.76874247 48.99307 57.531424
392 95.923274 940.15645 0.49896194 -0.14183343 0.17508403 121 0 26842 96.566723 -4.9620687 48.497619 57.567601
393 329.72658 944.78627 0.36170333 0.19593682 0.2494668 121 0 6298 2.0030772 -0.75424422 48.640448 57.559052
394 1614.3977 944.78192 0.9765554 -0.065396206 -0.19960689 121 0 6779 2.5786241 -1.0284701 49.421336 57.501263
395 2255.2921 944.61779 0.62499966 0.20001804 0.027969684 121 0 6576 2.5493827 -1.0160876 49.809633 57.470805
396 972.17894 947.02129 0.93335335 -0.052492703 0.036728049 121 0 13946 26.716572 -3.5669518 49.031559 57.531412
397 2154.0199 950.20061 0.94148212 0.15342211 -0.023796167 121 0 7796 5.8391444 -1.915873 49.74883 57.4775
398 1143.4739 951.22349 0.75644803 0.17880614 -0.32332914 121 0 6278 1.2210662 -0.21684801 49.136009 57.52504
400 2018.4372 951.08508 0.7984335 0.013766798 0.015569634 121 0 7550 5.7460316 -1.89842 49.6668 57.484273
402 1098.3386 954.33844 0.80626988 -0.19958652 -0.18266691 121 0 6591 2.3002741 -0.90444897 49.108847 57.528104
403 2090.1331 957.31456 0.98319255 0.11392338 0.017160782 121 0 7212 3.7919116 -1.4471455 49.71078 57.482882
404 1349.8516 957.39997 0.57042525 0.047987441 0.20546721 121 0 6194 1.0392918 -0.041843729 49.261878 57.517626
405 527.08022 960.28212 0.59989167 -0.013036381 0.09509121 121 0 7934 8.9553643 -2.3802081 48.761876 57.555509
406 1663.4234 961.34557 0.7891744 -0.1321841 0.038703996 121 0 6279 1.1247815 -0.12767041 49.452511 57.504379
407 818.61379 962.14272 0.51722975 -0.074965463 -0.076058489 121 0 6610 3.3248236 -1.3044215 48.939436 57.543225
408 1889.7335 964.64389 0.81263976 0.25257573 0.1655057 121 0 6343 1.1483985 -0.15023155 49.590016 57.494808
409 959.11486 964.52371 0.60564034 0.27062959 0.16531678 121 0 6324 1.5954484 -0.50720692 49.025075 57.537712
410 738.46034 967.13841 0.5291909 -0.16027774 -0.09755755 121 0 6573 2.9984407 -1.1922387 48.891086 57.548422
411 280.41525 969.071 0.26230596 -0.20880403 -0.16933412 121 0 6185 1.6121129 -0.51848865 48.612344 57.569115
412 512.24749 969.98735 0.71069517 -0.33965703 0.31329889 121 0 6317 1.2947023 -0.28042477 48.75363 57.559328
413 1435.0425 973.11404 0.98664961 0.30991912 0.031863337 121 0 6462 1.5156295 -0.4514826 49.314944 57.51883
414 508.27183 977.73823 0.50611012 -0.11834496 0.11650429 121 0 7270 6.6088896 -2.0503212 48.751836 57.562033
415 2163.4277 984.42928 0.83539661 0.062502168 -0.0049911933 121 0 8553 9.0385716 -2.3902495 49.757593 57.488212
416 345.0821 985.28966 0.50650971 -0.1930733 0.13508493 121 0 8803 14.006789 -2.8658464 48.653042 57.571612
417 743.71848 987.32065 0.71389021 -0.022408935 0.039845514 121 0 6908 3.6275524 -1.3990343 48.895943 57.554777
418 1707.2312 988.05565 0.90882354 -0.59776451 -0.3064455 121 0 6450 1.5500372 -0.47585527 49.48141 57.511042
419 503.42667 991.0731 0.523656 0.054825369 0.18587989 121 0 6497 2.6155528 -1.0439087 48.749964 57.566599
420 598.04266 992.2394 0.67595095 -0.083703764 0.095346217 121 0 9416 14.640986 -2.9139258 48.807674 57.562825
421 1156.3206 991.70659 0.84526211 -0.19821176 0.026666553 121 0 7506 5.5696506 -1.8645699 49.147227 57.537669
422 849.25068 995.71989 0.71974167 -0.16697358 0.12193784 121 0 8073 8.5553886 -2.3305994 48.960847 57.552819
423 781.4089 998.62385 0.69124994 0.13493331 0.22317009 121 0 6499 2.1856087 -0.84893102 48.919809 57.556792
424 1276.7609 1000.0856 0.55651627 0.075078441 -0.31972219 121 0 6196 1.1711176 -0.17150126 49.221121 57.534909
426 1208.9085 1007.3782 0.63304933 0.1483722 -0.12658689 121 0 6811 3.7769872 -1.4428638 49.18051 57.540389
427 289.56765 1007.6323 0.42603062 0.023952906 0.062675472 121 0 6637 3.6710978 -1.4119899 48.620996 57.581311
428 645.80676 1008.7473 0.82531249 -0.046304302 0.10991115 121 0 6528 1.9928803 -0.74870301 48.838101 57.566108
429 63.867063 1012.303 0.52994596 -0.14122593 0.19262139 121 0 8703 12.160085 -2.7123415 48.483744 57.59253
430 1832.3286 1011.8287 0.95182886 0.098057473 -0.045741984 121 0 8788 9.0016104 -2.3858005 49.559367 57.512915
431 574.87323 1014.735 0.32267582 -0.18435109 0.093648022 121 0 6748 5.1870936 -1.7873102 48.795395 57.571189
432 2266.1902 1022.0828 0.67659642 0.40288484 -0.032859369 121 0 6441 2.0046332 -0.75508732 49.823212 57.495543
433 2235.464 1029.1258 0.78727866 0.20626369 -0.085774922 121 0 7095 3.9833105 -1.5006104 49.805238 57.499323
434 2048.3445 1030.0932 0.26541696 0.15238273 0.24908743 121 0 6101 1.2782272 -0.26652013 49.691949 57.508618
435 1656.2084 1034.2482 0.79210942 0.072380023 -0.17157974 121 0 6373 1.4550417 -0.40718864 49.454475 57.528502
436 328.78437 1036.8719 0.71232786 -0.013787278 0.31419504 121 0 6476 1.8982254 -0.69586944 48.647236 57.589161
437 788.54588 1037.0755 0.72626762 -0.080795548 0.023286861 121 0 23384 70.749947 -4.6243153 48.927321 57.569027
438 1163.4979 1037.1414 0.92202125 0.35202421 0.079375792 121 0 6533 1.7697466 -0.6197777 49.155424 57.552171
440 932.85987 1044.9254 0.98509669 -0.073673969 0.039584334 121 0 7134 3.617927 -1.3961495 49.015799 57.565136
441 375.69156 1051.1805 0.37163964 0.329317 0.45868836 121 0 6178 1.1939283 -0.19244565 48.676977 57.591797
442 842.42446 1051.2371 0.45490081 0.048158408 -0.18551799 121 0 6190 1.0982236 -0.10172694 48.961286 57.571247
443 998.47511 1054.7269 0.90709963 -0.1033267 0.0057305484 121 0 11287 18.062319 -3.1419337 49.056538 57.565384
444 2318.7875 1056.002 0.27164829 0.19920525 0.048915524 121 0 6133 1.682445 -0.5648522 49.858132 57.504061
445 426.25316 1056.1275 0.46073582 -0.2562611 0.22169617 121 0 6340 1.9540293 -0.72732767 48.708195 57.591212
446 377.36073 1057.6353 0.27089666 -0.16003817 0.1877268 121 0 6399 3.0597534 -1.2142161 48.678513 57.593832
447 1054.8858 1062.3958 0.70440848 0.33040964 0.52370979 121 0 6228 1.0646389 -0.068005781 49.091498 57.56534
448 859.90758 1062.2588 0.88212124 -0.027840318 0.076350484 121 0 8162 7.6031683 -2.2024865 48.97284 57.574063
449 2151.1039 1061.181 0.7128494 0.43987155 -0.022135819 121 0 6428 1.7503149 -0.60779045 49.757007 57.513838
450 175.33415 1062.5619 0.46793291 -0.36422516 0.15662568 121 0 8761 13.889264 -2.8566981 48.555704 57.604172
451 269.3441 1062.8858 0.34492273 -0.18361685 0.038949719 121 0 6559 3.6155243 -1.3954282 48.613071 57.600228
452 2004.4325 1065.8231 0.87341536 -0.13866715 0.15519126 121 0 6342 1.0895003 -0.093068406 49.668507 57.522367
453 834.80975 1067.1633 0.68239921 0.18251297 0.30808006 121 0 6456 1.9168672 -0.70648006 48.957968 57.576786
454 676.851 1069.659 0.64187198 -0.077252129 0.062485054 121 0 7283 5.6171168 -1.8737836 48.861986 57.584622
455 369.9385 1070.5582 0.47848983 -0.16791898 0.044989997 121 0 6434 2.4014369 -0.95117795 48.675025 57.598375
456 1943.2894 1075.3659 0.35129651 0.0098581049 -0.38880946 121 0 6115 1.0319177 -0.034112609 49.632272 57.528389
457 1213.5533 1076.8109 0.94738198 -0.057280245 -0.066505813 121 0 8337 7.7260402 -2.2198924 49.189213 57.562838
458 68.162706 1080.3161 0.3276301 0.054227774 -0.0016310275 121 0 6145 1.1671753 -0.16784019 48.491712 57.614558
461 1583.7602 1082.7911 0.91007242 0.066639757 0.032156384 121 0 6334 1.1534141 -0.15496311 49.414705 57.547722
462 296.59261 1090.8177 0.66087773 0.30813996 0.22192446 121 0 6250 1.0110718 -0.011955011 48.631919 57.608171
463 427.98844 1092.2073 0.31498562 0.26585278 0.39689333 121 0 6201 1.5223199 -0.45626481 48.712159 57.602917
464 1266.6206 1096.2095 0.87823516 -0.1005044 0.12182389 121 0 6338 1.2642111 -0.25454902 49.223128 57.566744
465 2056.7578 1096.0941 0.81379819 0.13734518 -0.0035455041 121 0 7834 6.5506688 -2.0407141 49.702932 57.529745
466 2081.535 1100.2697 0.72698755 0.14536663 0.360323 121 0 6420 1.5744732 -0.49283815 49.71833 57.529922
467 653.7464 1101.4901 0.27370114 -0.03617328 -0.092217887 121 0 6124 1.0397093 -0.042279806 48.850515 57.596036
468 1119.8034 1103.9127 0.63030164 -0.19710619 -0.14852641 121 0 6760 3.5741099 -1.3829197 49.134481 57.57595
469 1320.9675 1104.1081 0.78165595 0.27018002 -0.11537016 121 0 6313 1.3694567 -0.34137076 49.256846 57.566831
470 122.90144 1105.7744 0.49889775 -0.32071628 0.1904974 121 0 6639 3.0840476 -1.2228027 48.527128 57.620532
471 198.26836 1107.5017 0.35438885 -0.2469753 0.15641068 121 0 6384 2.4026955 -0.95174683 48.57326 57.617862
472 1265.8624 1107.5577 0.39927278 -0.4891573 -0.17234919 121 0 6148 1.0637457 -0.067094516 49.223632 57.570482
474 804.2882 1112.7574 0.82581214 -0.097330797 0.040491617 121 0 14469 31.396707 -3.7422102 48.943151 57.593032
475 2267.8433 1114.5835 0.49164435 0.8008881 0.25077267 121 0 6192 1.0772538 -0.080795112 49.832563 57.525632
476 785.67494 1115.8615 0.64553409 0.0047459399 0.28323626 121 0 6417 1.8115371 -0.64511807 48.93207 57.594875
477 292.78636 1117.8871 0.44345132 -0.17262361 0.097130789 121 0 8005 10.986518 -2.6021502 48.631759 57.617175
478 2208.3695 1118.4773 0.50508793 0.21094877 -0.077334739 121 0 7174 5.7244931 -1.8943426 49.796864 57.529772
479 721.02533 1120.1182 0.55740867 0.026613036 0.053641024 121 0 6390 1.9973783 -0.75115082 48.893035 57.599139
480 733.07831 1120.1576 0.54514399 0.090641663 -0.17394292 121 0 6304 1.5943692 -0.50647227 48.900382 57.598616
481 1813.9032 1124.9786 0.52713121 -0.55445525 0.26237447 121 0 6687 3.2125129 -1.2671122 49.558136 57.550699
482 221.12625 1128.2048 0.2603007 -0.11639493 0.3222941 121 0 6269 2.1697565 -0.84102749 48.588854 57.623638
483 1952.8558 1130.0271 0.85722682 0.16495931 -0.001555049 121 0 9482 12.07191 -2.70444 49.64292 57.545766
484 1156.704 1130.4453 0.77215844 0.25997217 -0.0052758454 121 0 6488 1.9199766 -0.70823985 49.159171 57.582934
485 2084.4251 1135.3738 0.21371475 0.099963593 0.097617478 121 0 6128 1.394724 -0.36122067 49.723219 57.541235
486 1631.3719 1137.3925 0.92908892 0.14986253 0.0074076516 121 0 7927 6.42241 -2.0192451 49.448367 57.563317
487 772.49679 1139.6017 0.55027806 -0.00064468786 0.095284135 121 0 6550 2.930393 -1.1673147 48.926 57.603212
489 991.00331 1143.7388 0.54490005 0.10105694 -0.0094358309 121 0 6237 1.2636923 -0.25410332 49.059431 57.594776
490 753.02397 1144.7887 0.69404865 -0.086146262 0.058743612 121 0 10038 17.155231 -3.0859914 48.914562 57.605772
491 56.87378 1145.5727 0.31926894 -0.10861767 0.15072345 121 0 6662 4.1295765 -1.5397638 48.489952 57.636352
492 2043.9592 1146.256 0.7298116 -0.33245019 -0.48920682 121 0 6242 1.0492504 -0.052197832 49.699642 57.54672
493 448.03246 1147.9904 0.35787151 0.032491708 0.56274596 121 0 6154 1.0002968 -0.00032214597 48.728882 57.620257
494 1153.2634 1148.3015 0.91359786 -0.034121483 -0.039127466 121 0 6862 2.9524858 -1.1754695 49.158586 57.588918
495 1247.4222 1147.0537 0.76879597 -0.3592565 0.19432762 121 0 6658 2.5952329 -1.0354408 49.215773 57.584217
496 990.85941 1154.2401 0.79172985 -0.2460173 0.036293465 121 0 6338 1.3336026 -0.31256608 49.060222 57.59821
497 680.58257 1155.4175 0.91817486 0.20820436 0.28182945 121 0 6315 1.0307135 -0.032844931 48.871286 57.612456
498 1152.6966 1156.4591 0.84712047 -0.17064819 0.02477261 121 0 6739 2.6950022 -1.0763978 49.15893 57.591607
499 1788.7155 1157.265 0.97562783 -0.22164936 -0.0084345705 121 0 6374 1.2608126 -0.25162639 49.545679 57.56242
501 861.7612 1162.1107 0.7345688 -0.15293073 -0.065980658 121 0 6534 2.2392523 -0.87525759 48.982246 57.606577
502 2132.7207 1162.2682 0.76296551 0.19896067 -0.013786405 121 0 12506 24.049799 -3.4527786 49.754923 57.547693
503 394.84588 1163.4622 0.71013658 -0.098859023 0.035108086 121 0 6768 3.1573061 -1.2482917 48.697682 57.627628
504 908.65186 1162.6324 0.20263195 0.19157427 -0.64381357 121 0 6092 1.0657983 -0.069187521 49.010855 57.604647
505 954.47123 1163.703 0.45673557 -0.21683142 0.057799743 121 0 6272 1.623703 -0.5262665 49.038852 57.602938
506 2296.7923 1163.4802 0.72651633 0.20700947 -0.0069974095 121 0 8192 8.3982706 -2.3104747 49.854532 57.54018
507 2263.0933 1166.0057 0.52671176 0.28794819 -0.018106883 121 0 12223 28.246617 -3.6274161 49.834328 57.542633
508 2227.5279 1167.6982 0.99250056 -0.00038997115 -0.017768512 121 0 6379 1.2986401 -0.283722 49.812914 57.544902
509 1915.4816 1171.1358 0.98898493 0.099503124 -0.061445927 121 0 10008 12.385198 -2.7322573 49.623877 57.560952
510 373.73236 1173.2217 0.46491231 -0.13859519 0.1102115 121 0 16199 54.63428 -4.3436631 48.685584 57.631734
511 244.34723 1173.9078 0.45519054 -0.40108141 -0.044547371 121 0 6183 1.0362026 -0.038611668 48.606666 57.637562
512 2354.9601 1172.762 0.25347834 0.24431548 0.39641322 121 0 6047 1.0797544 -0.083312436 49.890637 57.540386
514 200.30807 1174.6185 0.49183696 -0.15017366 0.17988832 121 0 6893 4.6078605 -1.6587483 48.579835 57.639692
515 907.08867 1178.7467 0.87845859 0.013879098 0.11734002 121 0 6519 1.8170154 -0.6483965 49.011243 57.609977
516 2333.0757 1179.6621 0.5599096 0.37120539 0.26749649 121 0 6679 3.1917279 -1.2600646 49.877996 57.543699
517 137.83471 1179.6824 0.45177201 -0.068459757 0.15033402 121 0 7691 8.2273714 -2.2881528 48.542087 57.64403
518 343.9352 1184.2267 0.56103782 -0.24338607 -0.14670742 121 0 6312 1.474088 -0.42130854 48.668282 57.636622
519 419.50945 1188.2665 0.682376 -0.047559344 0.18301735 121 0 6881 3.6587531 -1.4083327 48.71473 57.634653
520 1774.4306 1188.0083 0.73621168 0.26681214 0.42235817 121 0 6346 1.5192321 -0.45406033 49.539702 57.573124
521 2249.3079 1188.0278 0.72186136 0.33152992 0.061460811 121 0 6612 2.5177123 -1.0025152 49.827957 57.550482
523 631.75852 1190.6562 0.56372239 -0.22412315 0.031841603 121 0 6231 1.2288132 -0.22371467 48.844403 57.62612
524 831.8042 1191.8158 0.99944827 -0.014231853 0.080125228 121 0 7395 4.3649784 -1.5999552 48.966454 57.617614
525 1701.1088 1191.5437 0.53950534 -0.006516498 0.18759947 121 0 6212 1.1288401 -0.13158104 49.495462 57.577723
527 1259.9747 1195.3511 0.46274393 -0.36603345 0.03821901 121 0 6205 1.4457466 -0.40023048 49.227518 57.599406
528 2060.6435 1196.2908 0.45721819 0.15259611 0.11262584 121 0 6448 2.4778793 -0.98520035 49.714232 57.562244
529 2180.2463 1197.7201 0.34244695 0.4163058 0.14658151 121 0 6174 1.4058004 -0.36980913 49.786938 57.556973
530 1325.2496 1199.8105 0.44514245 -0.05937443 0.23821254 121 0 6151 1.0902331 -0.09379837 49.267622 57.597868
531 709.34199 1201.4563 0.95850941 0.056661967 -0.097903927 121 0 6863 2.7755687 -1.10838 48.892598 57.626213
532 2006.6721 1202.0577 0.96823874 0.13313518 -0.028285102 121 0 7224 3.8194467 -1.4550011 49.681985 57.566702
533 205.10526 1204.6366 0.46409372 -0.15657998 0.12620387 121 0 12625 35.513052 -3.87597 48.58515 57.649289
534 792.345 1204.7607 0.65704842 -0.18179541 0.27543277 121 0 6496 2.1395838 -0.82582326 48.943474 57.623601
535 247.85555 1208.6698 0.4444666 -0.350063 -0.076466938 121 0 6261 1.5475081 -0.4740823 48.611579 57.648763
536 984.58397 1211.3538 0.76855637 -0.036771087 -0.054786438 121 0 6509 1.9754941 -0.73918937 49.061176 57.617137
537 2012.3116 1210.6079 0.61837555 -0.19008959 -0.18476688 121 0 6350 1.6166703 -0.52155365 49.68617 57.569223
538 792.1883 1212.6885 0.89883748 -0.23492843 0.48601058 121 0 6320 1.103705 -0.10713249 48.944034 57.626196
539 1696.1204 1215.1 0.54969798 -0.13946795 -0.37829763 121 0 6177 1.01006 -0.010867957 49.49449 57.585643
540 1608.4041 1219.3098 0.99850358 0.075282519 -0.01709874 121 0 8885 9.0587007 -2.3926648 49.441533 57.59112
541 932.48097 1219.8957 0.68130312 0.028388433 0.17606026 121 0 6367 1.4817151 -0.42691178 49.030142 57.62227
542 1183.1321 1219.2878 0.87969573 -0.23162004 0.22021077 121 0 6381 1.4895313 -0.43262411 49.182773 57.610728
543 567.16078 1221.692 0.74112569 0.19683848 0.30500831 121 0 6259 1.0844691 -0.088042974 48.807532 57.6391
544 1488.3761 1221.1791 0.98591035 -0.051277945 -0.12715385 121 0 6293 1.0276467 -0.0296096 49.368701 57.597313
545 2045.1108 1223.1521 0.41396404 -0.58596447 -0.0089257382 121 0 6169 1.1611806 -0.16224947 49.707202 57.571749
546 1541.8741 1225.6306 0.96648782 -0.15601706 -0.39622139 121 0 6419 1.3868069 -0.35503998 49.401625 57.596282
547 113.24768 1229.6542 0.39456364 0.069706975 -0.015661773 121 0 6450 2.5648318 -1.0226472 48.531018 57.661404
548 2235.6823 1232.0467 0.65444955 0.30104875 -0.049881385 121 0 10752 18.988603 -3.1962325 49.823666 57.565498
549 1842.6663 1232.9062 0.64575397 0.61677733 -0.14004125 121 0 6234 1.0851347 -0.088709125 49.58511 57.584553
550 225.90493 1234.3412 0.494715 -0.12656431 0.15355982 121 0 12309 32.477175 -3.7789456 48.600218 57.658094
551 327.06602 1233.9423 0.54921262 -0.39529421 0.15269751 121 0 6398 1.9424515 -0.72087547 48.661971 57.653589
552 2100.5437 1238.7018 0.8099129 0.41866247 -0.20435123 121 0 6318 1.2635471 -0.25397859 49.742246 57.574169
553 2207.3824 1241.9167 0.73242422 0.54376957 -0.88402728 121 0 6258 1.0765035 -0.080038602 49.807383 57.570082
554 879.63268 1242.6045 0.93637343 0.016036645 0.070344218 121 0 10397 14.664293 -2.9156528 48.999821 57.632055
555 1806.5207 1246.2094 0.98640328 0.22018842 0.084019827 121 0 7092 3.4611251 -1.3480432 49.564318 57.590601
556 1196.2513 1250.701 0.52526606 -0.21267028 0.229676 121 0 6218 1.2711585 -0.26049923 49.193425 57.620383
558 465.04453 1252.9597 0.44449913 -0.24904918 0.40239294 121 0 6615 3.47779 -1.3532584 48.747748 57.65379
559 560.37032 1254.3482 0.51267955 -0.23740779 -0.1582925 121 0 6441 2.3641455 -0.93418552 48.806048 57.650062
560 745.22808 1262.08 0.75350362 -0.069960843 0.043086805 121 0 9565 14.184512 -2.879536 48.919473 57.644412
561 695.02673 1264.2836 0.67054309 -0.42272442 -0.35290667 121 0 6322 1.3308039 -0.3102852 48.889029 57.64736
562 1829.6104 1270.4977 0.4502301 -0.11783745 0.37531488 121 0 6145 1.0195389 -0.021009531 49.580492 57.597435
563 555.03552 1272.6592 0.70251735 -0.13177717 0.080877129 121 0 10552 19.130911 -3.2043392 48.804283 57.656276
565 712.04709 1274.7382 0.95462891 -0.24145288 0.4064289 121 0 6334 1.1152911 -0.11847061 48.900273 57.650019
566 220.29942 1283.819 0.68869308 -0.7340256 -0.66809575 121 0 6222 1.0030027 -0.0032552847 48.600733 57.674494
568 1554.4891 1284.9621 0.68234761 0.1378456 0.63295854 121 0 6246 1.2041841 -0.2017322 49.414442 57.615057
569 1668.0856 1284.4102 0.39116542 0.31063123 -0.37172728 121 0 6170 1.1219359 -0.12492015 49.483501 57.609573
570 1731.4938 1287.6933 0.72000223 0.048391731 0.010128358 121 0 9630 14.66974 -2.916056 49.522351 57.607669
571 964.09709 1291.256 0.85454632 0.10918939 -0.048666401 121 0 6374 1.3243378 -0.30499695 49.055373 57.644144
572 147.66997 1293.889 0.43154422 0.0079391727 0.37480046 121 0 6209 1.3701901 -0.34195206 48.557141 57.680907
574 1546.7579 1298.0135 0.97705873 0.072730767 -0.13430848 121 0 6689 2.2933257 -0.90116434 49.410869 57.619676
575 1012.6494 1302.7641 0.86869675 0.083703176 0.085040297 121 0 6472 1.6862139 -0.56728166 49.085939 57.645712
576 2018.5363 1303.7058 0.75813484 0.016649821 -0.14644367 121 0 6908 3.4068835 -1.3308932 49.69825 57.599297
577 2208.5484 1307.5841 0.70382378 0.25291906 -0.039919492 121 0 8062 8.0858733 -2.2693173 49.814013 57.591446
578 2288.7053 1308.7546 0.29961324 0.20876776 -0.049148904 121 0 6391 2.8495208 -1.1369296 49.862785 57.587954
580 515.34642 1313.2947 0.70339464 0.0247802 0.058318688 121 0 6459 1.9174371 -0.70680283 48.783356 57.671288
582 589.55 1322.2752 0.61720571 0.01268378 -0.065322853 121 0 6338 1.5235577 -0.45714728 48.829401 57.670958
583 322.61234 1323.5092 0.59878324 -0.17599252 0.11264372 121 0 7031 4.7417187 -1.6898395 48.666433 57.683032
585 1611.2735 1323.562 0.93886344 0.053409052 0.00039547233 121 0 17891 38.877465 -3.9742448 49.452351 57.625006
586 1755.1209 1327.5831 0.9859611 0.0722709 0.13726399 121 0 6359 1.2043975 -0.20192461 49.540223 57.619574
587 623.05745 1339.3306 0.73207073 -0.051571409 -0.035476132 121 0 6696 2.6640233 -1.0638451 48.851256 57.675049
588 650.15142 1343.0881 0.72236592 0.10274057 0.11446532 121 0 6584 2.2464052 -0.87872023 48.868108 57.675078
589 796.85493 1344.1644 0.75333751 0.025833686 0.10940172 121 0 6254 1.0939573 -0.097500908 48.957754 57.668913
590 481.72551 1344.2043 0.71805987 -0.13007634 -0.098154933 121 0 6492 2.3087833 -0.90845791 48.765328 57.682855
591 390.31773 1347.7423 0.75671221 -0.21625911 0.31401236 121 0 6414 1.7465259 -0.60543755 48.70976 57.688003
592 2009.2666 1348.9314 0.61001443 0.0062873591 0.29558997 121 0 6287 1.3130986 -0.29574335 49.696651 57.614494
594 1715.6991 1354.5636 0.91878316 0.2487969 0.14954427 121 0 6779 2.5897996 -1.0331654 49.518606 57.630232
595 1005.8611 1354.9938 0.71244191 0.055068428 0.11246852 121 0 6411 1.7597116 -0.61360375 49.086181 57.663069
596 1753.1397 1359.3218 0.77313854 0.1502237 0.054108712 121 0 6637 2.4732239 -0.98315859 49.541806 57.630024
597 722.34504 1364.6992 0.83697475 -0.10099388 0.032688184 121 0 19135 48.301514 -4.2099019 48.913966 57.678935
598 1776.1824 1374.8725 0.81218079 0.12957804 -0.016213904 121 0 19773 50.118109 -4.2499867 49.557194 57.634013
599 2285.1751 1375.0481 0.44758723 -0.060838218 -0.50905434 121 0 6151 1.1354042 -0.13787621 49.866652 57.609749
600 2322.7974 1376.9812 0.57075704 0.51405215 0.071593227 121 0 7098 4.7118453 -1.6829776 49.889678 57.608555
601 583.48087 1377.8031 0.44629648 -0.16859774 -0.14538183 121 0 6281 1.7759064 -0.62355016 48.830229 57.689357
602 1483.6315 1378.9939 0.60492039 0.25836296 0.063471512 121 0 6355 1.5644625 -0.48591287 49.379448 57.649037
604 274.87464 1383.1435 0.62654686 -0.71496883 -0.12982532 121 0 6261 1.2572598 -0.24856261 48.642028 57.704576
605 123.6467 1389.0306 0.51116387 -0.13893448 0.090985165 121 0 19416 66.855898 -4.5628493 48.549988 57.713012
606 542.9497 1392.3794 0.62888985 -0.11639521 0.09363251 121 0 7656 7.9659325 -2.2530916 48.806653 57.695901
607 759.61071 1391.7252 0.84712544 0.12663053 0.055020247 121 0 7161 4.2856499 -1.5800417 48.938951 57.686102
609 892.16571 1392.7942 0.96168497 0.11110774 0.27167991 121 0 6618 2.0857225 -0.79814133 49.019967 57.680527
610 2337.8957 1394.5739 0.48760228 0.46730074 -0.022344368 121 0 7763 7.9315217 -2.2483913 49.900449 57.613561
611 393.15311 1397.6673 0.36986279 0.29786176 0.43406734 121 0 6215 1.3833136 -0.35230163 48.71552 57.704184
614 1371.4711 1400.5489 0.27651224 -0.54404063 -0.48094353 121 0 6123 1.0347111 -0.037047769 49.312967 57.661258
615 2204.4659 1401.4993 0.7414088 0.2371164 -0.0090159911 121 0 27005 76.781861 -4.7131466 49.82001 57.622278
616 282.23339 1402.1093 0.32231692 0.18176141 0.14346413 121 0 6175 1.3466848 -0.32316491 48.648047 57.710452
618 2253.8092 1405.7196 0.51898891 0.35466055 -0.18050681 121 0 6440 2.2712307 -0.89065314 49.850377 57.621271
620 237.49197 1409.2511 0.6092196 0.078912324 0.20218587 121 0 6370 1.8553298 -0.6710528 48.62125 57.714718
621 752.16634 1408.6135 0.88828242 -0.072557538 0.034880074 121 0 8990 10.489424 -2.5518791 48.9358 57.691947
622 913.4651 1410.7731 0.96218743 -0.080705405 -0.021910647 121 0 11498 18.074922 -3.1426911 49.034469 57.68544
623 1775.6821 1411.4737 0.73585729 0.37357285 0.11528092 121 0 6430 1.7162788 -0.58646961 49.560112 57.645979
624 2363.9652 1411.0494 0.59918487 0.3957798 -0.034508919 121 0 7355 5.1897219 -1.7878602 49.917784 57.617667
626 626.47192 1415.9699 0.73020533 -0.16628952 0.0037866431 121 0 8058 8.4787756 -2.3208329 48.859618 57.699923
627 1742.6212 1417.1858 0.67239625 0.41278465 0.45706284 121 0 6242 1.0175407 -0.018879484 49.540489 57.6494
628 1775.5467 1419.4268 0.93210712 -0.035070226 0.13834118 121 0 6462 1.6079144 -0.51565729 49.56073 57.648581
629 1688.5291 1426.2449 0.67681403 -0.15184451 -0.91745766 121 0 6250 1.1334199 -0.13597711 49.508349 57.654898
630 569.75652 1429.3888 0.8522852 -0.57871356 -0.38559223 121 0 6327 1.1928597 -0.19147344 48.826055 57.706807
631 853.24061 1430.6265 0.95856531 -0.1713929 0.026662317 121 0 7855 6.1613361 -1.9741873 48.999352 57.694623
632 1947.9139 1430.8465 0.85215369 0.2453918 0.03394952 121 0 7443 4.9790808 -1.7428729 49.666639 57.644143
633 1907.88 1432.7481 0.83987054 0.41194632 0.0016541957 121 0 6567 2.0105629 -0.75829417 49.642448 57.646667
634 346.54161 1433.962 0.66291489 0.14567859 -0.12996911 121 0 6361 1.6626018 -0.55197064 48.689939 57.718065
635 2211.7288 1434.0022 0.71174099 0.3636289 0.0076092769 121 0 7059 4.0569187 -1.5204908 49.827361 57.63253
636 1504.6503 1434.4026 0.73686385 0.15140769 0.37331252 121 0 6504 1.9498917 -0.72502622 49.397049 57.666145
637 1571.8701 1435.046 0.63085829 0.16354871 -0.44896327 121 0 6319 1.4940338 -0.43590103 49.438062 57.663226
638 2321.1911 1435.1216 0.60661388 0.3997941 0.3352237 121 0 6311 1.4594003 -0.41043606 49.893989 57.627597
640 806.84463 1447.3957 0.98505679 -0.12235538 0.022050912 121 0 7246 3.9424269 -1.4894091 48.972408 57.702173
641 1709.1565 1447.123 0.67913571 -0.30554708 -0.2927333 121 0 6247 1.0222555 -0.023898598 49.522741 57.660743
642 2066.1697 1449.3084 0.82888803 0.28504449 -0.18359776 121 0 6623 2.2365764 -0.87395934 49.740228 57.644521
643 2313.165 1448.999 0.4601209 0.35265252 0.26515683 121 0 6204 1.2855842 -0.27275136 49.890374 57.632513
644 705.49026 1452.7778 0.40737032 0.43909287 0.32885509 121 0 6229 1.392211 -0.35926265 48.910928 57.708443
645 1744.086 1455.2273 0.9032295 0.1773753 0.024207212 121 0 10689 15.721842 -2.9912586 49.544725 57.661745
646 317.45777 1458.3614 0.83627995 -0.17526337 0.081815039 121 0 6602 2.2253684 -0.86850478 48.674108 57.727297
647 655.88196 1457.5509 0.80173938 -0.19418412 0.12440487 121 0 6925 3.4705023 -1.3509808 48.881003 57.7122
648 896.82652 1459.8858 0.76423409 0.26094026 -0.18101726 121 0 6364 1.4425956 -0.39786148 49.028408 57.702222
649 1816.1821 1460.963 0.86849925 0.25079301 0.051460509 121 0 7254 4.2578157 -1.5729671 49.589131 57.660216
651 1883.7982 1478.3396 0.87715272 0.068631979 -0.19176095 121 0 6616 2.12906 -0.82046976 49.631836 57.662685
652 2187.1867 1477.9079 0.74989843 0.36010375 -0.065807056 121 0 6997 3.7236537 -1.4274232 49.816405 57.648037
653 247.03449 1479.018 0.61818541 -0.042246327 0.14451227 121 0 6997 4.6678835 -1.6728 48.632665 57.737093
654 931.27949 1480.1992 0.9020978 -0.27068673 -0.10782845 121 0 6488 1.7354446 -0.59852687 49.051147 57.707306
655 1093.3507 1480.3018 0.90040064 -0.074287208 0.068914743 121 0 6869 2.9539395 -1.176004 49.15012 57.700016
656 998.76656 1484.1477 0.65284503 0.32959963 0.054585913 121 0 6486 2.249006 -0.87997652 49.092694 57.705554
657 428.13287 1484.9211 0.2517681 -0.20951292 0.16151552 121 0 6171 1.6090358 -0.51641426 48.743965 57.731153
658 744.57454 1487.6992 0.92804352 -0.14246321 0.0090373657 121 0 6918 3.0239085 -1.2014216 48.937696 57.718108
659 796.67097 1494.7344 0.88651693 0.06233393 0.041183861 121 0 7101 3.7687036 -1.44048 48.970118 57.718084
660 755.72433 1495.6741 0.73777471 -0.095673043 -0.27318417 121 0 6320 1.3168306 -0.29882477 48.945171 57.720216
661 1901.5239 1498.6428 0.93465858 0.15383144 0.094322293 121 0 6822 2.5746576 -1.0267987 49.64443 57.668469
662 1884.5374 1498.5919 0.69122867 0.13056583 0.59474744 121 0 6207 1.0010935 -0.001186562 49.634083 57.669258
663 1791.8098 1501.2874 0.88723654 0.15641552 -0.0086684189 121 0 7952 6.626897 -2.0532756 49.577849 57.674526
664 336.51327 1503.6735 0.63356752 0.0069634556 0.079110979 121 0 7424 6.2823679 -1.9953084 48.689413 57.741269
665 2191.3453 1504.3645 0.24841558 0.43911726 0.042739285 121 0 6327 2.4990251 -0.99442655 49.821324 57.656467
667 630.44474 1506.1669 0.97899978 0.2864873 0.33167073 121 0 6562 1.7585767 -0.61290328 48.869443 57.729201
668 1814.1699 1506.6099 0.86375272 -0.0047305202 -0.038511473 121 0 6884 3.0750745 -1.2196391 49.591938 57.675206
669 2142.7576 1506.7903 0.52326803 -0.072913309 0.084234376 121 0 6369 1.8278106 -0.654828 49.791985 57.659598
670 376.81858 1510.0169 0.9092539 0.25326639 0.10006307 121 0 6351 1.2091225 -0.20617579 48.714594 57.741587
671 252.49873 1511.3749 0.4020718 -0.075139866 0.13823974 121 0 7320 8.1304288 -2.2752836 48.638599 57.747425
672 677.72595 1513.915 0.74727151 0.077545202 0.33366075 121 0 6662 2.5360351 -1.0103882 48.898992 57.729638
673 129.35649 1516.3691 0.51057715 -0.13972275 0.54713918 121 0 6299 1.5958106 -0.50745339 48.563583 57.75436
674 234.03796 1515.9722 0.54337605 -0.13185966 0.055567358 121 0 7827 9.288787 -2.4198975 48.627663 57.749724
676 1019.0524 1517.6337 0.91236875 -0.15048182 0.010650159 121 0 6709 2.3216335 -0.91448414 49.107899 57.71557
677 1520.9291 1519.1146 0.29505109 -0.029710946 -0.7269357 121 0 6161 1.2261743 -0.22138049 49.414319 57.693036
678 703.22553 1522.0273 0.69865489 0.49248368 -0.16816794 121 0 6344 1.5053633 -0.44410332 48.915253 57.731156
679 694.54804 1527.7657 0.6124293 -0.098825991 -0.058401168 121 0 6663 3.0011817 -1.1932307 48.91042 57.733415
680 1959.6494 1527.852 0.68553074 0.15812587 -0.12050639 121 0 6244 1.0148345 -0.015988021 49.682422 57.675235
681 339.71442 1529.0983 0.53838935 -0.15466891 0.020795435 121 0 8688 13.592171 -2.833222 48.693419 57.749433
682 397.18453 1529.7963 0.52553245 -0.23287409 0.017503323 121 0 7114 5.7025261 -1.8901682 48.728656 57.74716
683 1460.1673 1532.6366 0.80104357 -0.041242898 0.029823951 121 0 6641 2.3406245 -0.92332938 49.378433 57.70027
684 985.62485 1532.1313 0.52681999 0.086298208 0.10499423 121 0 6205 1.0226146 -0.024279925 49.088697 57.721813
685 1809.8824 1537.0859 0.97831834 -0.23818181 -0.25205327 121 0 6533 1.6515567 -0.54473374 49.592019 57.685354
686 2166.7002 1540.2097 0.42263238 0.090042655 -0.47580402 121 0 6130 1.0202828 -0.021801394 49.809567 57.669348
687 258.86162 1540.9868 0.55037057 -0.10803343 0.14619132 121 0 6889 4.3689981 -1.6009546 48.644866 57.756822
688 372.43744 1540.8646 0.58952392 -0.14850208 0.064567144 121 0 9826 18.075832 -3.1427457 48.714401 57.751853
689 2099.6845 1540.9762 0.93245511 0.38376058 -0.10449186 121 0 6404 1.3424658 -0.31975811 49.76885 57.672821
690 1840.7155 1541.5153 0.85355573 0.19971819 -0.046791515 121 0 6829 2.8266217 -1.1281692 49.611196 57.685341
691 1418.4631 1547.5532 0.85451313 -0.094528376 -0.041700459 121 0 8303 8.1386703 -2.2763836 49.35428 57.70707
692 311.329 1550.5967 0.67636736 0.23341659 0.18168232 121 0 6320 1.4856273 -0.42977469 48.677769 57.757688
693 762.22573 1550.755 0.95774989 -0.10567362 0.033400008 121 0 10020 13.158627 -2.7980264 48.953704 57.737912
694 1311.7581 1550.3233 0.60087113 0.23117706 -0.016632113 121 0 6449 2.0989765 -0.80501893 49.2894 57.712895
695 1904.0776 1555.2054 0.62361508 0.22355377 -0.015646442 121 0 12726 29.088382 -3.6592989 49.651011 57.686804
696 174.06992 1555.8843 0.49288331 -0.15209672 0.09539068 121 0 6636 3.372298 -1.3198149 48.594117 57.765346
697 845.47684 1555.3612 0.92785037 0.065735586 -0.0037068032 121 0 7552 5.2404292 -1.7984171 49.004988 57.735698
698 136.59954 1560.3472 0.51144758 0.13715472 0.30318389 121 0 6206 1.2519894 -0.24400165 48.571513 57.768414
699 1861.8702 1562.6433 0.80361355 0.31801726 0.025002279 121 0 7855 6.6725964 -2.0607371 49.625957 57.691233
700 602.63381 1564.3945 0.92070539 -0.091993652 0.060061144 121 0 12580 22.199023 -3.3658346 48.857207 57.749444
701 1227.6308 1563.8289 0.51599131 -0.40314571 0.67739296 121 0 6222 1.1771205 -0.1770523 49.239195 57.721162
